ObjectType = Image
NDims = 3
AnatomicalOrientation = RAI
BinaryData = True
CompressedData = False
DimSize = 0 0 185
ElementSpacing = 1 1 1
Offset = 0 0 0
TransformMatrix = 1 0 0 0 1 0 0 0 1
ElementType = MET_UCHAR
Kinds = domain domain list
Seq_Frame0000_Sequence_2Transform =-0.40433 0.105865 0.908466 376.603 -0.446046 -0.889974 -0.0948108 -61.9607 0.798474 -0.443552 0.407064 -0.432407 0 0 0 1 
Seq_Frame0000_Sequence_2TransformStatus = OK
Seq_Frame0000_Timestamp = 0.020
Seq_Frame0001_Sequence_2Transform =-0.402858 0.105787 0.909129 376.596 -0.448516 -0.888675 -0.0953418 -62.3356 0.797834 -0.446168 0.405456 -0.814778 0 0 0 1 
Seq_Frame0001_Sequence_2TransformStatus = OK
Seq_Frame0001_Timestamp = 0.130
Seq_Frame0002_Sequence_2Transform =-0.403405 0.106115 0.908848 376.588 -0.448073 -0.888925 -0.0950944 -62.3109 0.797807 -0.445591 0.406144 -0.673134 0 0 0 1 
Seq_Frame0002_Sequence_2TransformStatus = OK
Seq_Frame0002_Timestamp = 0.325
Seq_Frame0003_Sequence_2Transform =-0.405085 0.105891 0.908126 376.698 -0.443522 -0.89133 -0.0939072 -61.7308 0.799497 -0.440814 0.408029 -0.141775 0 0 0 1 
Seq_Frame0003_Sequence_2TransformStatus = OK
Seq_Frame0003_Timestamp = 0.530
Seq_Frame0004_Sequence_2Transform =-0.406307 0.107156 0.907431 377.109 -0.433729 -0.896705 -0.0883145 -60.3693 0.804235 -0.429462 0.410815 0.907798 0 0 0 1 
Seq_Frame0004_Sequence_2TransformStatus = OK
Seq_Frame0004_Timestamp = 0.725
Seq_Frame0005_Sequence_2Transform =-0.402294 0.104888 0.909482 377.409 -0.443701 -0.891287 -0.0934742 -60.9223 0.800805 -0.441142 0.405098 1.51633 0 0 0 1 
Seq_Frame0005_Sequence_2TransformStatus = OK
Seq_Frame0005_Timestamp = 0.930
Seq_Frame0006_Sequence_2Transform =-0.401282 0.103928 0.910039 377.58 -0.443051 -0.891603 -0.0935412 -60.8466 0.801672 -0.44073 0.40383 1.56805 0 0 0 1 
Seq_Frame0006_Sequence_2TransformStatus = OK
Seq_Frame0006_Timestamp = 1.126
Seq_Frame0007_Sequence_2Transform =-0.399524 0.100969 0.911145 377.827 -0.443812 -0.890977 -0.095871 -60.5558 0.802129 -0.44268 0.400778 2.35893 0 0 0 1 
Seq_Frame0007_Sequence_2TransformStatus = OK
Seq_Frame0007_Timestamp = 1.320
Seq_Frame0008_Sequence_2Transform =-0.399023 0.100342 0.911434 377.791 -0.442354 -0.891743 -0.0954874 -60.2009 0.803183 -0.441278 0.400213 2.45939 0 0 0 1 
Seq_Frame0008_Sequence_2TransformStatus = OK
Seq_Frame0008_Timestamp = 1.425
Seq_Frame0009_Sequence_2Transform =-0.396734 0.0979539 0.912692 377.504 -0.450761 -0.886941 -0.100749 -60.2926 0.799635 -0.451377 0.396033 3.36245 0 0 0 1 
Seq_Frame0009_Sequence_2TransformStatus = OK
Seq_Frame0009_Timestamp = 1.621
Seq_Frame0010_Sequence_2Transform =-0.39371 0.0969295 0.91411 377.031 -0.449028 -0.88799 -0.0992378 -59.9471 0.802101 -0.449532 0.393134 3.48865 0 0 0 1 
Seq_Frame0010_Sequence_2TransformStatus = OK
Seq_Frame0010_Timestamp = 1.825
Seq_Frame0011_Sequence_2Transform =-0.392001 0.093986 0.915151 376.148 -0.439198 -0.893204 -0.0963965 -58.377 0.808357 -0.43972 0.391415 4.30713 0 0 0 1 
Seq_Frame0011_Sequence_2TransformStatus = OK
Seq_Frame0011_Timestamp = 2.020
Seq_Frame0012_Sequence_2Transform =-0.397548 0.0918941 0.912968 375.908 -0.424331 -0.900602 -0.0941237 -56.3478 0.813572 -0.42482 0.397026 6.34805 0 0 0 1 
Seq_Frame0012_Sequence_2TransformStatus = OK
Seq_Frame0012_Timestamp = 2.230
Seq_Frame0013_Sequence_2Transform =-0.398809 0.0868764 0.912909 375.921 -0.423176 -0.900605 -0.0991613 -55.1198 0.813556 -0.425868 0.395934 8.69489 0 0 0 1 
Seq_Frame0013_Sequence_2TransformStatus = OK
Seq_Frame0013_Timestamp = 2.425
Seq_Frame0014_Sequence_2Transform =-0.392546 0.0815624 0.916109 376.219 -0.427715 -0.897989 -0.103324 -54.5552 0.814228 -0.432393 0.387388 11.535 0 0 0 1 
Seq_Frame0014_Sequence_2TransformStatus = OK
Seq_Frame0014_Timestamp = 2.626
Seq_Frame0015_Sequence_2Transform =-0.388812 0.081625 0.917694 375.743 -0.423099 -0.900642 -0.0991517 -53.7792 0.818421 -0.426827 0.384716 13.1676 0 0 0 1 
Seq_Frame0015_Sequence_2TransformStatus = OK
Seq_Frame0015_Timestamp = 2.820
Seq_Frame0016_Sequence_2Transform =-0.382453 0.0818414 0.920343 375.493 -0.431855 -0.89641 -0.0997464 -54.2503 0.816842 -0.435604 0.378178 13.2806 0 0 0 1 
Seq_Frame0016_Sequence_2TransformStatus = OK
Seq_Frame0016_Timestamp = 2.920
Seq_Frame0017_Sequence_2Transform =-0.38136 0.0812759 0.920847 374.668 -0.432439 -0.896101 -0.0999985 -54.5555 0.817044 -0.436345 0.376884 13.9532 0 0 0 1 
Seq_Frame0017_Sequence_2TransformStatus = OK
Seq_Frame0017_Timestamp = 3.025
Seq_Frame0018_Sequence_2Transform =-0.37571 0.0814776 0.923149 373.323 -0.441064 -0.891798 -0.100797 -56.1877 0.815049 -0.445038 0.370994 14.626 0 0 0 1 
Seq_Frame0018_Sequence_2TransformStatus = OK
Seq_Frame0018_Timestamp = 3.215
Seq_Frame0019_Sequence_2Transform =-0.375492 0.0815455 0.923231 372.168 -0.440848 -0.891936 -0.100518 -57.1653 0.815266 -0.444748 0.370864 14.2546 0 0 0 1 
Seq_Frame0019_Sequence_2TransformStatus = OK
Seq_Frame0019_Timestamp = 3.320
Seq_Frame0020_Sequence_2Transform =-0.378049 0.0822437 0.922125 371.237 -0.443132 -0.890607 -0.102241 -58.2182 0.812842 -0.447276 0.373138 14.6592 0 0 0 1 
Seq_Frame0020_Sequence_2TransformStatus = OK
Seq_Frame0020_Timestamp = 3.425
Seq_Frame0021_Sequence_2Transform =-0.37919 0.0860111 0.921313 368.776 -0.446799 -0.888926 -0.100904 -59.5388 0.8103 -0.449903 0.375501 16.0437 0 0 0 1 
Seq_Frame0021_Sequence_2TransformStatus = OK
Seq_Frame0021_Timestamp = 3.620
Seq_Frame0022_Sequence_2Transform =-0.380601 0.0909405 0.920257 367.051 -0.449711 -0.887752 -0.0982637 -59.3912 0.808024 -0.451249 0.378776 17.4761 0 0 0 1 
Seq_Frame0022_Sequence_2TransformStatus = OK
Seq_Frame0022_Timestamp = 3.721
Seq_Frame0023_Sequence_2Transform =-0.38427 0.101347 0.917641 365.399 -0.45182 -0.887436 -0.0911922 -58.8707 0.805106 -0.449651 0.386805 18.2628 0 0 0 1 
Seq_Frame0023_Sequence_2TransformStatus = OK
Seq_Frame0023_Timestamp = 3.825
Seq_Frame0024_Sequence_2Transform =-0.383369 0.107612 0.917305 363.126 -0.470865 -0.877196 -0.0938815 -59.7434 0.794553 -0.467918 0.38696 19.6747 0 0 0 1 
Seq_Frame0024_Sequence_2TransformStatus = OK
Seq_Frame0024_Timestamp = 4.020
Seq_Frame0025_Sequence_2Transform =-0.377517 0.102636 0.920297 362.64 -0.484603 -0.868779 -0.101899 -60.7668 0.789076 -0.484447 0.377717 20.0758 0 0 0 1 
Seq_Frame0025_Sequence_2TransformStatus = OK
Seq_Frame0025_Timestamp = 4.121
Seq_Frame0026_Sequence_2Transform =-0.377531 0.0978225 0.920816 362.306 -0.496039 -0.86106 -0.1119 -62.0179 0.781931 -0.499006 0.3736 20.431 0 0 0 1 
Seq_Frame0026_Sequence_2TransformStatus = OK
Seq_Frame0026_Timestamp = 4.230
Seq_Frame0027_Sequence_2Transform =-0.386129 0.0925783 0.917787 361.411 -0.516339 -0.846169 -0.131879 -64.5206 0.764394 -0.524811 0.374532 22.5353 0 0 0 1 
Seq_Frame0027_Sequence_2TransformStatus = OK
Seq_Frame0027_Timestamp = 4.420
Seq_Frame0028_Sequence_2Transform =-0.399525 0.0934526 0.911947 359.637 -0.505366 -0.85243 -0.134048 -64.695 0.764843 -0.514422 0.387795 24.114 0 0 0 1 
Seq_Frame0028_Sequence_2TransformStatus = OK
Seq_Frame0028_Timestamp = 4.626
Seq_Frame0029_Sequence_2Transform =-0.404627 0.0952174 0.909511 358.211 -0.514833 -0.845698 -0.140504 -66.2271 0.755794 -0.525098 0.391214 25.371 0 0 0 1 
Seq_Frame0029_Sequence_2TransformStatus = OK
Seq_Frame0029_Timestamp = 4.821
Seq_Frame0030_Sequence_2Transform =-0.409977 0.102339 0.906336 357.423 -0.526013 -0.83832 -0.14328 -66.8148 0.745137 -0.535487 0.397524 26.2197 0 0 0 1 
Seq_Frame0030_Sequence_2TransformStatus = OK
Seq_Frame0030_Timestamp = 5.026
Seq_Frame0031_Sequence_2Transform =-0.409427 0.109532 0.905744 357.048 -0.538238 -0.830597 -0.142857 -66.8484 0.736661 -0.545995 0.399023 26.5426 0 0 0 1 
Seq_Frame0031_Sequence_2TransformStatus = OK
Seq_Frame0031_Timestamp = 5.220
Seq_Frame0032_Sequence_2Transform =-0.407732 0.112069 0.906198 357.431 -0.537037 -0.832073 -0.138731 -66.0797 0.738476 -0.543227 0.399448 26.7105 0 0 0 1 
Seq_Frame0032_Sequence_2TransformStatus = OK
Seq_Frame0032_Timestamp = 5.321
Seq_Frame0033_Sequence_2Transform =-0.40201 0.109911 0.909014 358.696 -0.544565 -0.826805 -0.140863 -65.4645 0.736095 -0.551646 0.392238 27.6801 0 0 0 1 
Seq_Frame0033_Sequence_2TransformStatus = OK
Seq_Frame0033_Timestamp = 5.425
Seq_Frame0034_Sequence_2Transform =-0.396472 0.109817 0.911455 361.98 -0.534456 -0.834841 -0.131896 -62.2631 0.746436 -0.539426 0.389684 28.9148 0 0 0 1 
Seq_Frame0034_Sequence_2TransformStatus = OK
Seq_Frame0034_Timestamp = 5.620
Seq_Frame0035_Sequence_2Transform =-0.392806 0.106551 0.913428 364.201 -0.541406 -0.829682 -0.136041 -61.068 0.743359 -0.547973 0.383591 29.4937 0 0 0 1 
Seq_Frame0035_Sequence_2TransformStatus = OK
Seq_Frame0035_Timestamp = 5.720
Seq_Frame0036_Sequence_2Transform =-0.392228 0.10587 0.913755 366.23 -0.532996 -0.835766 -0.131953 -58.7397 0.749716 -0.538783 0.384239 30.891 0 0 0 1 
Seq_Frame0036_Sequence_2TransformStatus = OK
Seq_Frame0036_Timestamp = 5.830
Seq_Frame0037_Sequence_2Transform =-0.389517 0.103452 0.915191 369.959 -0.525489 -0.841027 -0.128587 -54.4321 0.756397 -0.53101 0.381957 32.2944 0 0 0 1 
Seq_Frame0037_Sequence_2TransformStatus = OK
Seq_Frame0037_Timestamp = 6.021
Seq_Frame0038_Sequence_2Transform =-0.394995 0.106851 0.912448 372.372 -0.5122 -0.850132 -0.122175 -50.9882 0.762647 -0.515614 0.390528 33.1457 0 0 0 1 
Seq_Frame0038_Sequence_2TransformStatus = OK
Seq_Frame0038_Timestamp = 6.226
Seq_Frame0039_Sequence_2Transform =-0.391595 0.107643 0.913819 374.598 -0.508795 -0.852821 -0.117574 -48.1375 0.766669 -0.510988 0.388729 32.1869 0 0 0 1 
Seq_Frame0039_Sequence_2TransformStatus = OK
Seq_Frame0039_Timestamp = 6.420
Seq_Frame0040_Sequence_2Transform =-0.385697 0.105607 0.916562 376.719 -0.51101 -0.851586 -0.116917 -45.1579 0.768184 -0.513467 0.38242 31.6941 0 0 0 1 
Seq_Frame0040_Sequence_2TransformStatus = OK
Seq_Frame0040_Timestamp = 6.626
Seq_Frame0041_Sequence_2Transform =-0.38454 0.104976 0.91712 378.08 -0.515543 -0.848555 -0.119035 -43.7537 0.765731 -0.518588 0.380423 30.9804 0 0 0 1 
Seq_Frame0041_Sequence_2TransformStatus = OK
Seq_Frame0041_Timestamp = 6.820
Seq_Frame0042_Sequence_2Transform =-0.388493 0.107497 0.91516 378.559 -0.514617 -0.849162 -0.118715 -42.8957 0.764357 -0.517077 0.385213 30.4247 0 0 0 1 
Seq_Frame0042_Sequence_2TransformStatus = OK
Seq_Frame0042_Timestamp = 6.921
Seq_Frame0043_Sequence_2Transform =-0.390548 0.108018 0.914223 378.968 -0.508476 -0.853171 -0.116412 -41.742 0.767414 -0.510325 0.388129 30.7417 0 0 0 1 
Seq_Frame0043_Sequence_2TransformStatus = OK
Seq_Frame0043_Timestamp = 7.030
Seq_Frame0044_Sequence_2Transform =-0.405664 0.110597 0.907307 379.412 -0.513197 -0.848976 -0.125968 -40.03 0.75635 -0.516728 0.401157 29.8824 0 0 0 1 
Seq_Frame0044_Sequence_2TransformStatus = OK
Seq_Frame0044_Timestamp = 7.220
Seq_Frame0045_Sequence_2Transform =-0.407576 0.11121 0.906374 379.757 -0.505716 -0.853939 -0.122633 -38.0774 0.760351 -0.50835 0.404286 29.186 0 0 0 1 
Seq_Frame0045_Sequence_2TransformStatus = OK
Seq_Frame0045_Timestamp = 7.421
Seq_Frame0046_Sequence_2Transform =-0.409531 0.114247 0.905114 380.006 -0.495871 -0.86065 -0.115729 -36.0594 0.765765 -0.496215 0.409114 29.1463 0 0 0 1 
Seq_Frame0046_Sequence_2TransformStatus = OK
Seq_Frame0046_Timestamp = 7.620
Seq_Frame0047_Sequence_2Transform =-0.409808 0.113473 0.905086 380.155 -0.4923 -0.862831 -0.11473 -35.0026 0.767918 -0.492591 0.409458 28.4558 0 0 0 1 
Seq_Frame0047_Sequence_2TransformStatus = OK
Seq_Frame0047_Timestamp = 7.720
Seq_Frame0048_Sequence_2Transform =-0.420184 0.100352 0.901873 378.369 -0.508244 -0.849379 -0.142281 -31.7751 0.751753 -0.518156 0.407899 28.1802 0 0 0 1 
Seq_Frame0048_Sequence_2TransformStatus = OK
Seq_Frame0048_Timestamp = 7.920
Seq_Frame0049_Sequence_2Transform =-0.417894 0.0887679 0.904149 376.505 -0.50625 -0.849131 -0.15062 -28.4199 0.754371 -0.520669 0.399785 29.0326 0 0 0 1 
Seq_Frame0049_Sequence_2TransformStatus = OK
Seq_Frame0049_Timestamp = 8.120
Seq_Frame0050_Sequence_2Transform =-0.417612 0.087785 0.904375 375.923 -0.497602 -0.854894 -0.146795 -27.853 0.760258 -0.511322 0.400696 29.6489 0 0 0 1 
Seq_Frame0050_Sequence_2TransformStatus = OK
Seq_Frame0050_Timestamp = 8.220
Seq_Frame0051_Sequence_2Transform =-0.420152 0.0869391 0.903279 375.498 -0.495079 -0.856172 -0.147876 -28.0773 0.760506 -0.509325 0.402764 29.8672 0 0 0 1 
Seq_Frame0051_Sequence_2TransformStatus = OK
Seq_Frame0051_Timestamp = 8.420
Seq_Frame0052_Sequence_2Transform =-0.42581 0.0886052 0.900464 375.004 -0.503733 -0.849918 -0.154573 -29.2994 0.751624 -0.519412 0.406537 30.258 0 0 0 1 
Seq_Frame0052_Sequence_2TransformStatus = OK
Seq_Frame0052_Timestamp = 8.620
Seq_Frame0053_Sequence_2Transform =-0.425578 0.0880445 0.900628 374.984 -0.516273 -0.841013 -0.161741 -30.6211 0.743199 -0.533803 0.403372 29.557 0 0 0 1 
Seq_Frame0053_Sequence_2TransformStatus = OK
Seq_Frame0053_Timestamp = 8.721
Seq_Frame0054_Sequence_2Transform =-0.421287 0.0842277 0.903008 374.891 -0.518167 -0.839518 -0.163439 -31.8905 0.744325 -0.536764 0.397322 30.5997 0 0 0 1 
Seq_Frame0054_Sequence_2TransformStatus = OK
Seq_Frame0054_Timestamp = 8.920
Seq_Frame0055_Sequence_2Transform =-0.417469 0.0803194 0.905134 374.203 -0.518227 -0.839265 -0.164544 -32.2721 0.746432 -0.537757 0.391991 31.8217 0 0 0 1 
Seq_Frame0055_Sequence_2TransformStatus = OK
Seq_Frame0055_Timestamp = 9.120
Seq_Frame0056_Sequence_2Transform =-0.416588 0.0751709 0.905982 373.219 -0.521238 -0.836249 -0.17029 -31.9608 0.744826 -0.543174 0.387553 32.0444 0 0 0 1 
Seq_Frame0056_Sequence_2TransformStatus = OK
Seq_Frame0056_Timestamp = 9.220
Seq_Frame0057_Sequence_2Transform =-0.405824 0.0665464 0.911525 372.307 -0.518775 -0.837879 -0.169796 -31.9936 0.752449 -0.541784 0.374554 33.8827 0 0 0 1 
Seq_Frame0057_Sequence_2TransformStatus = OK
Seq_Frame0057_Timestamp = 9.420
Seq_Frame0058_Sequence_2Transform =-0.404251 0.0632601 0.912458 371.703 -0.518352 -0.837781 -0.171565 -32.1739 0.753586 -0.54233 0.371465 35.2287 0 0 0 1 
Seq_Frame0058_Sequence_2TransformStatus = OK
Seq_Frame0058_Timestamp = 9.521
Seq_Frame0059_Sequence_2Transform =-0.406752 0.0629557 0.911367 371.303 -0.509376 -0.843776 -0.169053 -31.6053 0.758346 -0.532991 0.375276 36.4901 0 0 0 1 
Seq_Frame0059_Sequence_2TransformStatus = OK
Seq_Frame0059_Timestamp = 9.621
Seq_Frame0060_Sequence_2Transform =-0.395207 0.0578855 0.916767 370.333 -0.512217 -0.84234 -0.167624 -31.2905 0.762526 -0.535829 0.362548 39.0704 0 0 0 1 
Seq_Frame0060_Sequence_2TransformStatus = OK
Seq_Frame0060_Timestamp = 9.820
Seq_Frame0061_Sequence_2Transform =-0.39568 0.0586773 0.916512 370.137 -0.519906 -0.83696 -0.170871 -31.9797 0.757057 -0.54411 0.361674 39.1719 0 0 0 1 
Seq_Frame0061_Sequence_2TransformStatus = OK
Seq_Frame0061_Timestamp = 9.920
Seq_Frame0062_Sequence_2Transform =-0.383023 0.0576845 0.921936 369.725 -0.525227 -0.834617 -0.165987 -33.23 0.759888 -0.547803 0.349975 38.9054 0 0 0 1 
Seq_Frame0062_Sequence_2TransformStatus = OK
Seq_Frame0062_Timestamp = 10.121
Seq_Frame0063_Sequence_2Transform =-0.377093 0.0596523 0.924253 368.506 -0.526852 -0.834552 -0.161091 -34.5237 0.761727 -0.547691 0.346131 39.8833 0 0 0 1 
Seq_Frame0063_Sequence_2TransformStatus = OK
Seq_Frame0063_Timestamp = 10.321
Seq_Frame0064_Sequence_2Transform =-0.368647 0.0622457 0.927483 367.086 -0.53135 -0.832795 -0.155305 -35.7213 0.762737 -0.550071 0.340081 41.1166 0 0 0 1 
Seq_Frame0064_Sequence_2TransformStatus = OK
Seq_Frame0064_Timestamp = 10.520
Seq_Frame0065_Sequence_2Transform =-0.363795 0.0707248 0.92879 365.623 -0.54022 -0.828313 -0.148524 -36.7654 0.758825 -0.555784 0.339543 43.2299 0 0 0 1 
Seq_Frame0065_Sequence_2TransformStatus = OK
Seq_Frame0065_Timestamp = 10.720
Seq_Frame0066_Sequence_2Transform =-0.356527 0.0896744 0.929972 364.503 -0.551858 -0.823398 -0.13217 -36.1905 0.753885 -0.560334 0.343051 45.1574 0 0 0 1 
Seq_Frame0066_Sequence_2TransformStatus = OK
Seq_Frame0066_Timestamp = 10.920
Seq_Frame0067_Sequence_2Transform =-0.353563 0.103046 0.929718 363.9 -0.572368 -0.809962 -0.127893 -36.6347 0.739857 -0.577359 0.345352 46.0576 0 0 0 1 
Seq_Frame0067_Sequence_2TransformStatus = OK
Seq_Frame0067_Timestamp = 11.120
Seq_Frame0068_Sequence_2Transform =-0.344824 0.105825 0.932683 362.537 -0.580128 -0.805166 -0.123123 -36.5226 0.737935 -0.583532 0.339032 46.871 0 0 0 1 
Seq_Frame0068_Sequence_2TransformStatus = OK
Seq_Frame0068_Timestamp = 11.320
Seq_Frame0069_Sequence_2Transform =-0.342735 0.102313 0.933844 361.043 -0.585756 -0.80043 -0.127286 -36.6277 0.734454 -0.59063 0.334266 47.5304 0 0 0 1 
Seq_Frame0069_Sequence_2TransformStatus = OK
Seq_Frame0069_Timestamp = 11.420
Seq_Frame0070_Sequence_2Transform =-0.349605 0.104455 0.931056 357.659 -0.582912 -0.80225 -0.128875 -34.9428 0.733478 -0.587779 0.341359 50.231 0 0 0 1 
Seq_Frame0070_Sequence_2TransformStatus = OK
Seq_Frame0070_Timestamp = 11.620
Seq_Frame0071_Sequence_2Transform =-0.360799 0.112365 0.92585 355.696 -0.564349 -0.816648 -0.120812 -32.6737 0.742519 -0.566091 0.35806 53.1613 0 0 0 1 
Seq_Frame0071_Sequence_2TransformStatus = OK
Seq_Frame0071_Timestamp = 11.720
Seq_Frame0072_Sequence_2Transform =-0.379461 0.125676 0.916632 353.335 -0.54015 -0.834454 -0.109198 -30.5037 0.751164 -0.536556 0.384527 57.9132 0 0 0 1 
Seq_Frame0072_Sequence_2TransformStatus = OK
Seq_Frame0072_Timestamp = 11.821
Seq_Frame0073_Sequence_2Transform =-0.393208 0.1397 0.908775 348.856 -0.533138 -0.83991 -0.101564 -24.7872 0.749101 -0.524438 0.404738 63.2914 0 0 0 1 
Seq_Frame0073_Sequence_2TransformStatus = OK
Seq_Frame0073_Timestamp = 12.020
Seq_Frame0074_Sequence_2Transform =-0.406776 0.143191 0.902236 346.551 -0.506188 -0.857488 -0.0921273 -19.6129 0.760465 -0.494176 0.421287 67.4405 0 0 0 1 
Seq_Frame0074_Sequence_2TransformStatus = OK
Seq_Frame0074_Timestamp = 12.220
Seq_Frame0075_Sequence_2Transform =-0.402677 0.143469 0.904029 347.353 -0.506815 -0.857377 -0.0896825 -18.4906 0.762227 -0.494288 0.417959 67.0953 0 0 0 1 
Seq_Frame0075_Sequence_2TransformStatus = OK
Seq_Frame0075_Timestamp = 12.325
Seq_Frame0076_Sequence_2Transform =-0.403376 0.144256 0.903592 349.652 -0.499845 -0.861881 -0.0855404 -16.469 0.766448 -0.486161 0.419768 67.0804 0 0 0 1 
Seq_Frame0076_Sequence_2TransformStatus = OK
Seq_Frame0076_Timestamp = 12.521
Seq_Frame0077_Sequence_2Transform =-0.393928 0.143283 0.907904 352.578 -0.503798 -0.859835 -0.0828942 -16.896 0.768771 -0.490055 0.410899 65.0696 0 0 0 1 
Seq_Frame0077_Sequence_2TransformStatus = OK
Seq_Frame0077_Timestamp = 12.725
Seq_Frame0078_Sequence_2Transform =-0.385915 0.138843 0.912026 355.348 -0.500192 -0.862174 -0.0803973 -16.4576 0.775163 -0.487215 0.402175 64.1043 0 0 0 1 
Seq_Frame0078_Sequence_2TransformStatus = OK
Seq_Frame0078_Timestamp = 12.920
Seq_Frame0079_Sequence_2Transform =-0.371584 0.129589 0.919311 357.891 -0.49969 -0.862465 -0.0803978 -13.7931 0.782455 -0.489245 0.385233 61.8747 0 0 0 1 
Seq_Frame0079_Sequence_2TransformStatus = OK
Seq_Frame0079_Timestamp = 13.125
Seq_Frame0080_Sequence_2Transform =-0.367276 0.126482 0.921472 360.177 -0.5022 -0.860855 -0.0820028 -13.5798 0.782882 -0.492881 0.37969 61.04 0 0 0 1 
Seq_Frame0080_Sequence_2TransformStatus = OK
Seq_Frame0080_Timestamp = 13.320
Seq_Frame0081_Sequence_2Transform =-0.367368 0.126698 0.921406 361.133 -0.503388 -0.86012 -0.082431 -13.42 0.782075 -0.494107 0.379759 60.7208 0 0 0 1 
Seq_Frame0081_Sequence_2TransformStatus = OK
Seq_Frame0081_Timestamp = 13.420
Seq_Frame0082_Sequence_2Transform =-0.364871 0.126762 0.922388 361.993 -0.50685 -0.858071 -0.0825726 -13.351 0.781007 -0.497641 0.377334 60.1114 0 0 0 1 
Seq_Frame0082_Sequence_2TransformStatus = OK
Seq_Frame0082_Timestamp = 13.525
Seq_Frame0083_Sequence_2Transform =-0.360583 0.125923 0.924188 363.65 -0.512463 -0.85464 -0.0834962 -13.1584 0.779334 -0.503719 0.372699 58.0887 0 0 0 1 
Seq_Frame0083_Sequence_2TransformStatus = OK
Seq_Frame0083_Timestamp = 13.720
Seq_Frame0084_Sequence_2Transform =-0.354886 0.124005 0.926649 364.567 -0.514807 -0.853281 -0.0829735 -12.7588 0.780403 -0.506492 0.366656 56.5277 0 0 0 1 
Seq_Frame0084_Sequence_2TransformStatus = OK
Seq_Frame0084_Timestamp = 13.821
Seq_Frame0085_Sequence_2Transform =-0.3539 0.123649 0.927074 365.334 -0.519155 -0.850468 -0.0847504 -11.282 0.777967 -0.511288 0.365173 53.4524 0 0 0 1 
Seq_Frame0085_Sequence_2TransformStatus = OK
Seq_Frame0085_Timestamp = 14.020
Seq_Frame0086_Sequence_2Transform =-0.354479 0.123581 0.926862 365.803 -0.520651 -0.849441 -0.0858647 -10.822 0.776703 -0.513009 0.365451 52.576 0 0 0 1 
Seq_Frame0086_Sequence_2TransformStatus = OK
Seq_Frame0086_Timestamp = 14.121
Seq_Frame0087_Sequence_2Transform =-0.360194 0.128423 0.923996 367.389 -0.51732 -0.85173 -0.0832838 -8.64039 0.776299 -0.507999 0.373224 49.5837 0 0 0 1 
Seq_Frame0087_Sequence_2TransformStatus = OK
Seq_Frame0087_Timestamp = 14.320
Seq_Frame0088_Sequence_2Transform =-0.358493 0.134694 0.923764 368.745 -0.515464 -0.853571 -0.0755817 -7.31283 0.778318 -0.503263 0.375429 48.3105 0 0 0 1 
Seq_Frame0088_Sequence_2TransformStatus = OK
Seq_Frame0088_Timestamp = 14.420
Seq_Frame0089_Sequence_2Transform =-0.360384 0.143212 0.921745 370.66 -0.510615 -0.857238 -0.0664511 -3.01594 0.780638 -0.494605 0.382061 48.1402 0 0 0 1 
Seq_Frame0089_Sequence_2TransformStatus = OK
Seq_Frame0089_Timestamp = 14.620
Seq_Frame0090_Sequence_2Transform =-0.367243 0.147521 0.918352 370.666 -0.49826 -0.864927 -0.0603125 -0.0161058 0.78541 -0.479728 0.391142 49.6535 0 0 0 1 
Seq_Frame0090_Sequence_2TransformStatus = OK
Seq_Frame0090_Timestamp = 14.720
Seq_Frame0091_Sequence_2Transform =-0.369629 0.14646 0.917564 369.431 -0.469415 -0.881652 -0.0483694 6.219 0.801888 -0.448597 0.394635 53.6151 0 0 0 1 
Seq_Frame0091_Sequence_2TransformStatus = OK
Seq_Frame0091_Timestamp = 14.920
Seq_Frame0092_Sequence_2Transform =-0.359411 0.134923 0.923374 368.521 -0.482471 -0.873847 -0.0601085 9.76787 0.798778 -0.467105 0.379167 54.144 0 0 0 1 
Seq_Frame0092_Sequence_2TransformStatus = OK
Seq_Frame0092_Timestamp = 15.120
Seq_Frame0093_Sequence_2Transform =-0.359439 0.130404 0.924012 367.493 -0.478552 -0.875829 -0.0625518 11.3795 0.801119 -0.464671 0.377212 54.6739 0 0 0 1 
Seq_Frame0093_Sequence_2TransformStatus = OK
Seq_Frame0093_Timestamp = 15.220
Seq_Frame0094_Sequence_2Transform =-0.357852 0.12575 0.925273 366.055 -0.481102 -0.87408 -0.0672748 11.7279 0.800302 -0.469224 0.373289 55.319 0 0 0 1 
Seq_Frame0094_Sequence_2TransformStatus = OK
Seq_Frame0094_Timestamp = 15.325
Seq_Frame0095_Sequence_2Transform =-0.359143 0.123078 0.925131 364.065 -0.482395 -0.873062 -0.0711183 12.1287 0.798944 -0.47182 0.372927 57.2814 0 0 0 1 
Seq_Frame0095_Sequence_2TransformStatus = OK
Seq_Frame0095_Timestamp = 15.515
Seq_Frame0096_Sequence_2Transform =-0.356575 0.123424 0.926078 362.494 -0.484771 -0.871798 -0.070465 13.7384 0.798656 -0.474061 0.370693 57.6126 0 0 0 1 
Seq_Frame0096_Sequence_2TransformStatus = OK
Seq_Frame0096_Timestamp = 15.620
Seq_Frame0097_Sequence_2Transform =-0.357904 0.127063 0.925073 360.01 -0.484899 -0.871935 -0.0678404 15.9288 0.797983 -0.472848 0.373682 58.2882 0 0 0 1 
Seq_Frame0097_Sequence_2TransformStatus = OK
Seq_Frame0097_Timestamp = 15.720
Seq_Frame0098_Sequence_2Transform =-0.365529 0.17812 0.913598 353.892 -0.471314 -0.881808 -0.01665 23.7209 0.802653 -0.436678 0.406277 64.7304 0 0 0 1 
Seq_Frame0098_Sequence_2TransformStatus = OK
Seq_Frame0098_Timestamp = 15.915
Seq_Frame0099_Sequence_2Transform =-0.363238 0.228173 0.903325 350.253 -0.483095 -0.875158 0.0268001 29.1126 0.796667 -0.426657 0.428119 68.7324 0 0 0 1 
Seq_Frame0099_Sequence_2TransformStatus = OK
Seq_Frame0099_Timestamp = 16.020
Seq_Frame0100_Sequence_2Transform =-0.355362 0.322914 0.87718 344.709 -0.508856 -0.854019 0.10824 41.1748 0.784081 -0.407894 0.467803 75.1723 0 0 0 1 
Seq_Frame0100_Sequence_2TransformStatus = OK
Seq_Frame0100_Timestamp = 16.221
Seq_Frame0101_Sequence_2Transform =-0.342823 0.385446 0.856682 341.056 -0.546003 -0.823847 0.152176 48.1126 0.76443 -0.415581 0.492888 78.9626 0 0 0 1 
Seq_Frame0101_Sequence_2TransformStatus = OK
Seq_Frame0101_Timestamp = 16.420
Seq_Frame0102_Sequence_2Transform =-0.337082 0.427669 0.838734 338.419 -0.589438 -0.790532 0.166199 49.8839 0.734124 -0.438359 0.518559 82.4991 0 0 0 1 
Seq_Frame0102_Sequence_2TransformStatus = OK
Seq_Frame0102_Timestamp = 16.620
Seq_Frame0103_Sequence_2Transform =-0.333879 0.446552 0.83013 336.877 -0.607266 -0.775457 0.172899 50.5352 0.720939 -0.446382 0.530085 84.2823 0 0 0 1 
Seq_Frame0103_Sequence_2TransformStatus = OK
Seq_Frame0103_Timestamp = 16.720
Seq_Frame0104_Sequence_2Transform =-0.328304 0.483833 0.811247 333.071 -0.639753 -0.745765 0.185878 52.6546 0.694934 -0.457974 0.554371 87.6714 0 0 0 1 
Seq_Frame0104_Sequence_2TransformStatus = OK
Seq_Frame0104_Timestamp = 16.920
Seq_Frame0105_Sequence_2Transform =-0.313439 0.496124 0.809702 333.063 -0.666697 -0.722157 0.184403 51.7883 0.676219 -0.482027 0.557116 87.9365 0 0 0 1 
Seq_Frame0105_Sequence_2TransformStatus = OK
Seq_Frame0105_Timestamp = 17.021
Seq_Frame0106_Sequence_2Transform =-0.296317 0.511078 0.806843 333.138 -0.698115 -0.692413 0.182208 52.1278 0.651791 -0.509278 0.561965 87.79 0 0 0 1 
Seq_Frame0106_Sequence_2TransformStatus = OK
Seq_Frame0106_Timestamp = 17.220
Seq_Frame0107_Sequence_2Transform =-0.29715 0.515605 0.80365 333.361 -0.708405 -0.683379 0.176509 55.4248 0.640207 -0.51686 0.568323 86.9871 0 0 0 1 
Seq_Frame0107_Sequence_2TransformStatus = OK
Seq_Frame0107_Timestamp = 17.420
Seq_Frame0108_Sequence_2Transform =-0.287432 0.524028 0.801734 334.943 -0.717335 -0.672443 0.182347 59.5849 0.634676 -0.5227 0.569185 84.6292 0 0 0 1 
Seq_Frame0108_Sequence_2TransformStatus = OK
Seq_Frame0108_Timestamp = 17.620
Seq_Frame0109_Sequence_2Transform =-0.290564 0.524521 0.800281 335.582 -0.714298 -0.675403 0.183327 61.4169 0.636672 -0.518371 0.570912 83.9904 0 0 0 1 
Seq_Frame0109_Sequence_2TransformStatus = OK
Seq_Frame0109_Timestamp = 17.720
Seq_Frame0110_Sequence_2Transform =-0.285831 0.520781 0.804418 339.381 -0.724855 -0.666571 0.173979 64.7474 0.626806 -0.533358 0.568017 80.4219 0 0 0 1 
Seq_Frame0110_Sequence_2TransformStatus = OK
Seq_Frame0110_Timestamp = 17.920
Seq_Frame0111_Sequence_2Transform =-0.270983 0.516796 0.81209 345.095 -0.735719 -0.655222 0.171469 65.7737 0.620714 -0.551006 0.55777 76.8292 0 0 0 1 
Seq_Frame0111_Sequence_2TransformStatus = OK
Seq_Frame0111_Timestamp = 18.120
Seq_Frame0112_Sequence_2Transform =-0.266901 0.513789 0.815343 347.819 -0.736598 -0.654307 0.171187 65.9769 0.621439 -0.55489 0.553091 74.94 0 0 0 1 
Seq_Frame0112_Sequence_2TransformStatus = OK
Seq_Frame0112_Timestamp = 18.220
Seq_Frame0113_Sequence_2Transform =-0.264905 0.504858 0.821549 352.109 -0.736841 -0.655556 0.165261 66.7452 0.622005 -0.561573 0.545661 71.5519 0 0 0 1 
Seq_Frame0113_Sequence_2TransformStatus = OK
Seq_Frame0113_Timestamp = 18.420
Seq_Frame0114_Sequence_2Transform =-0.255102 0.496666 0.829606 358.339 -0.742808 -0.649935 0.160689 67.2102 0.618999 -0.575246 0.534727 67.4975 0 0 0 1 
Seq_Frame0114_Sequence_2TransformStatus = OK
Seq_Frame0114_Timestamp = 18.620
Seq_Frame0115_Sequence_2Transform =-0.259779 0.496864 0.828034 360.838 -0.740021 -0.653311 0.159854 67.5374 0.62039 -0.571236 0.537406 64.9587 0 0 0 1 
Seq_Frame0115_Sequence_2TransformStatus = OK
Seq_Frame0115_Timestamp = 18.720
Seq_Frame0116_Sequence_2Transform =-0.259415 0.494549 0.829533 363.63 -0.745019 -0.649034 0.153954 66.6111 0.614533 -0.57808 0.536817 61.3214 0 0 0 1 
Seq_Frame0116_Sequence_2TransformStatus = OK
Seq_Frame0116_Timestamp = 18.920
Seq_Frame0117_Sequence_2Transform =-0.259371 0.496344 0.828474 365.248 -0.747874 -0.645996 0.152884 66.251 0.611074 -0.57994 0.538755 58.74 0 0 0 1 
Seq_Frame0117_Sequence_2TransformStatus = OK
Seq_Frame0117_Timestamp = 19.120
Seq_Frame0118_Sequence_2Transform =-0.258021 0.497487 0.82821 366.166 -0.74992 -0.6436 0.152966 65.9921 0.609135 -0.581623 0.539138 57.6646 0 0 0 1 
Seq_Frame0118_Sequence_2TransformStatus = OK
Seq_Frame0118_Timestamp = 19.220
Seq_Frame0119_Sequence_2Transform =-0.256964 0.499322 0.827434 367.071 -0.75241 -0.640688 0.152964 65.3561 0.606505 -0.583263 0.540329 56.7034 0 0 0 1 
Seq_Frame0119_Sequence_2TransformStatus = OK
Seq_Frame0119_Timestamp = 19.321
Seq_Frame0120_Sequence_2Transform =-0.253863 0.503448 0.82589 368.349 -0.756651 -0.635263 0.154665 63.611 0.602523 -0.585646 0.542204 56.4172 0 0 0 1 
Seq_Frame0120_Sequence_2TransformStatus = OK
Seq_Frame0120_Timestamp = 19.520
Seq_Frame0121_Sequence_2Transform =-0.249146 0.506451 0.82549 369.349 -0.764656 -0.625953 0.153247 62.3014 0.59433 -0.593035 0.543214 56.1324 0 0 0 1 
Seq_Frame0121_Sequence_2TransformStatus = OK
Seq_Frame0121_Timestamp = 19.720
Seq_Frame0122_Sequence_2Transform =-0.252696 0.515216 0.818961 370.288 -0.762043 -0.627535 0.159655 62.0339 0.596184 -0.583739 0.551193 54.6833 0 0 0 1 
Seq_Frame0122_Sequence_2TransformStatus = OK
Seq_Frame0122_Timestamp = 19.920
Seq_Frame0123_Sequence_2Transform =-0.259357 0.517939 0.815152 369.881 -0.760146 -0.63012 0.158516 62.542 0.595745 -0.578522 0.557135 54.0555 0 0 0 1 
Seq_Frame0123_Sequence_2TransformStatus = OK
Seq_Frame0123_Timestamp = 20.120
Seq_Frame0124_Sequence_2Transform =-0.259898 0.518771 0.81445 369.636 -0.760934 -0.629294 0.158014 63.0064 0.594502 -0.578675 0.558303 53.2358 0 0 0 1 
Seq_Frame0124_Sequence_2TransformStatus = OK
Seq_Frame0124_Timestamp = 20.220
Seq_Frame0125_Sequence_2Transform =-0.267725 0.525149 0.807801 368.621 -0.766568 -0.62401 0.151608 62.9395 0.583693 -0.578645 0.569626 50.0601 0 0 0 1 
Seq_Frame0125_Sequence_2TransformStatus = OK
Seq_Frame0125_Timestamp = 20.420
Seq_Frame0126_Sequence_2Transform =-0.267883 0.526818 0.806661 368.586 -0.765208 -0.625067 0.154105 63.0824 0.585402 -0.575981 0.57057 48.0814 0 0 0 1 
Seq_Frame0126_Sequence_2TransformStatus = OK
Seq_Frame0126_Timestamp = 20.521
Seq_Frame0127_Sequence_2Transform =-0.262249 0.523171 0.810875 369.338 -0.776121 -0.613699 0.144946 60.7899 0.573465 -0.591325 0.566986 45.9951 0 0 0 1 
Seq_Frame0127_Sequence_2TransformStatus = OK
Seq_Frame0127_Timestamp = 20.720
Seq_Frame0128_Sequence_2Transform =-0.259061 0.520546 0.813584 369.857 -0.781601 -0.607855 0.14004 59.8094 0.567438 -0.59962 0.564331 45.6367 0 0 0 1 
Seq_Frame0128_Sequence_2TransformStatus = OK
Seq_Frame0128_Timestamp = 20.821
Seq_Frame0129_Sequence_2Transform =-0.24763 0.514667 0.820852 371.132 -0.791449 -0.596138 0.135013 58.9995 0.558827 -0.616229 0.554954 43.7275 0 0 0 1 
Seq_Frame0129_Sequence_2TransformStatus = OK
Seq_Frame0129_Timestamp = 21.020
Seq_Frame0130_Sequence_2Transform =-0.253925 0.516753 0.817611 370.638 -0.78411 -0.604903 0.138794 60.5952 0.566298 -0.605854 0.558792 42.8219 0 0 0 1 
Seq_Frame0130_Sequence_2TransformStatus = OK
Seq_Frame0130_Timestamp = 21.220
Seq_Frame0131_Sequence_2Transform =-0.249236 0.51952 0.817301 370.748 -0.786085 -0.601446 0.142595 60.7136 0.565643 -0.606928 0.558288 39.0243 0 0 0 1 
Seq_Frame0131_Sequence_2TransformStatus = OK
Seq_Frame0131_Timestamp = 21.420
Seq_Frame0132_Sequence_2Transform =-0.243484 0.512205 0.823627 371.309 -0.794832 -0.592029 0.133206 57.8586 0.55584 -0.622212 0.551267 37.8469 0 0 0 1 
Seq_Frame0132_Sequence_2TransformStatus = OK
Seq_Frame0132_Timestamp = 21.620
Seq_Frame0133_Sequence_2Transform =-0.23375 0.511046 0.82716 372.018 -0.803241 -0.580869 0.131888 57.4881 0.547873 -0.63358 0.546271 36.8432 0 0 0 1 
Seq_Frame0133_Sequence_2TransformStatus = OK
Seq_Frame0133_Timestamp = 21.720
Seq_Frame0134_Sequence_2Transform =-0.237541 0.51274 0.825028 371.731 -0.798072 -0.587208 0.13516 58.078 0.553765 -0.626326 0.548689 37.4897 0 0 0 1 
Seq_Frame0134_Sequence_2TransformStatus = OK
Seq_Frame0134_Timestamp = 21.920
Seq_Frame0135_Sequence_2Transform =-0.237494 0.515295 0.823448 372.263 -0.800418 -0.584117 0.134676 59.3734 0.550388 -0.627119 0.551176 36.1972 0 0 0 1 
Seq_Frame0135_Sequence_2TransformStatus = OK
Seq_Frame0135_Timestamp = 22.120
Seq_Frame0136_Sequence_2Transform =-0.23504 0.513397 0.825336 372.637 -0.800319 -0.584083 0.135411 59.4264 0.551585 -0.628705 0.548164 35.8404 0 0 0 1 
Seq_Frame0136_Sequence_2TransformStatus = OK
Seq_Frame0136_Timestamp = 22.220
Seq_Frame0137_Sequence_2Transform =-0.244376 0.515209 0.821486 371.987 -0.797367 -0.588857 0.132111 59.8681 0.551803 -0.622741 0.554713 35.0048 0 0 0 1 
Seq_Frame0137_Sequence_2TransformStatus = OK
Seq_Frame0137_Timestamp = 22.420
Seq_Frame0138_Sequence_2Transform =-0.249261 0.515656 0.819736 371.647 -0.788342 -0.599674 0.13751 61.9672 0.562482 -0.611956 0.555988 35.9573 0 0 0 1 
Seq_Frame0138_Sequence_2TransformStatus = OK
Seq_Frame0138_Timestamp = 22.620
Seq_Frame0139_Sequence_2Transform =-0.247286 0.512221 0.822484 371.949 -0.786573 -0.60181 0.138302 62.2405 0.56582 -0.612743 0.551718 37.6416 0 0 0 1 
Seq_Frame0139_Sequence_2TransformStatus = OK
Seq_Frame0139_Timestamp = 22.720
Seq_Frame0140_Sequence_2Transform =-0.248175 0.51004 0.82357 371.798 -0.781565 -0.607716 0.140844 62.8338 0.572333 -0.60872 0.54945 40.8621 0 0 0 1 
Seq_Frame0140_Sequence_2TransformStatus = OK
Seq_Frame0140_Timestamp = 22.920
Seq_Frame0141_Sequence_2Transform =-0.249997 0.514732 0.820093 371.54 -0.777422 -0.61159 0.146876 64.8546 0.577163 -0.60084 0.553059 43.0123 0 0 0 1 
Seq_Frame0141_Sequence_2TransformStatus = OK
Seq_Frame0141_Timestamp = 23.120
Seq_Frame0142_Sequence_2Transform =-0.243892 0.510073 0.824829 371.496 -0.782801 -0.605608 0.143042 65.7865 0.572485 -0.61079 0.546989 44.0688 0 0 0 1 
Seq_Frame0142_Sequence_2TransformStatus = OK
Seq_Frame0142_Timestamp = 23.220
Seq_Frame0143_Sequence_2Transform =-0.233376 0.50544 0.830702 369.563 -0.808613 -0.57536 0.122907 67.7448 0.540075 -0.643033 0.542981 45.7429 0 0 0 1 
Seq_Frame0143_Sequence_2TransformStatus = OK
Seq_Frame0143_Timestamp = 23.420
Seq_Frame0144_Sequence_2Transform =-0.234604 0.507817 0.828905 365.831 -0.811787 -0.571424 0.120316 71.2789 0.534755 -0.644668 0.546297 50.4416 0 0 0 1 
Seq_Frame0144_Sequence_2TransformStatus = OK
Seq_Frame0144_Timestamp = 23.620
Seq_Frame0145_Sequence_2Transform =-0.23829 0.512283 0.825096 364.384 -0.806501 -0.577703 0.125762 73.8745 0.541086 -0.635473 0.550818 51.8 0 0 0 1 
Seq_Frame0145_Sequence_2TransformStatus = OK
Seq_Frame0145_Timestamp = 23.720
Seq_Frame0146_Sequence_2Transform =-0.244491 0.514539 0.821872 363.057 -0.79669 -0.58975 0.132217 78.4633 0.552729 -0.622451 0.554116 52.0877 0 0 0 1 
Seq_Frame0146_Sequence_2TransformStatus = OK
Seq_Frame0146_Timestamp = 23.920
Seq_Frame0147_Sequence_2Transform =-0.256904 0.51447 0.81812 361.283 -0.785539 -0.604279 0.133324 82.5279 0.562964 -0.608414 0.559378 49.5669 0 0 0 1 
Seq_Frame0147_Sequence_2TransformStatus = OK
Seq_Frame0147_Timestamp = 24.120
Seq_Frame0148_Sequence_2Transform =-0.254044 0.512012 0.820552 362.067 -0.785456 -0.604265 0.133874 82.9328 0.564376 -0.610497 0.555673 48.802 0 0 0 1 
Seq_Frame0148_Sequence_2TransformStatus = OK
Seq_Frame0148_Timestamp = 24.220
Seq_Frame0149_Sequence_2Transform =-0.258465 0.516146 0.816572 362.704 -0.778452 -0.611818 0.140324 84.4807 0.572021 -0.599393 0.559928 48.9593 0 0 0 1 
Seq_Frame0149_Sequence_2TransformStatus = OK
Seq_Frame0149_Timestamp = 24.420
Seq_Frame0150_Sequence_2Transform =-0.247796 0.513395 0.821598 364.561 -0.783006 -0.605535 0.142227 84.2466 0.570525 -0.608073 0.552041 48.0775 0 0 0 1 
Seq_Frame0150_Sequence_2TransformStatus = OK
Seq_Frame0150_Timestamp = 24.620
Seq_Frame0151_Sequence_2Transform =-0.243615 0.516921 0.820636 367.663 -0.773471 -0.614036 0.15717 84.6558 0.585145 -0.59645 0.549412 48.2639 0 0 0 1 
Seq_Frame0151_Sequence_2TransformStatus = OK
Seq_Frame0151_Timestamp = 24.820
Seq_Frame0152_Sequence_2Transform =-0.243323 0.514341 0.822343 368.195 -0.771863 -0.616108 0.156963 86.0221 0.587385 -0.596544 0.546914 46.4839 0 0 0 1 
Seq_Frame0152_Sequence_2TransformStatus = OK
Seq_Frame0152_Timestamp = 24.920
Seq_Frame0153_Sequence_2Transform =-0.235063 0.511023 0.826802 369.392 -0.774141 -0.612806 0.158667 87.2798 0.587752 -0.602764 0.539651 44.2595 0 0 0 1 
Seq_Frame0153_Sequence_2TransformStatus = OK
Seq_Frame0153_Timestamp = 25.120
Seq_Frame0154_Sequence_2Transform =-0.238689 0.513406 0.824283 370.509 -0.767475 -0.619799 0.163804 86.9416 0.594987 -0.593518 0.541965 45.1629 0 0 0 1 
Seq_Frame0154_Sequence_2TransformStatus = OK
Seq_Frame0154_Timestamp = 25.220
Seq_Frame0155_Sequence_2Transform =-0.236114 0.51766 0.822361 372.437 -0.765221 -0.620648 0.170977 86.2182 0.598905 -0.588918 0.542668 45.215 0 0 0 1 
Seq_Frame0155_Sequence_2TransformStatus = OK
Seq_Frame0155_Timestamp = 25.321
Seq_Frame0156_Sequence_2Transform =-0.240331 0.523599 0.817365 374.385 -0.764602 -0.620875 0.172912 86.0368 0.598018 -0.583402 0.549561 43.4458 0 0 0 1 
Seq_Frame0156_Sequence_2TransformStatus = OK
Seq_Frame0156_Timestamp = 25.520
Seq_Frame0157_Sequence_2Transform =-0.233649 0.521324 0.820749 375.629 -0.767426 -0.617198 0.173563 87.2523 0.597047 -0.589312 0.544285 41.3952 0 0 0 1 
Seq_Frame0157_Sequence_2TransformStatus = OK
Seq_Frame0157_Timestamp = 25.720
Seq_Frame0158_Sequence_2Transform =-0.238291 0.522093 0.818924 375.954 -0.768446 -0.616989 0.169749 87.2322 0.593892 -0.588849 0.548223 40.6361 0 0 0 1 
Seq_Frame0158_Sequence_2TransformStatus = OK
Seq_Frame0158_Timestamp = 25.821
Seq_Frame0159_Sequence_2Transform =-0.240791 0.52609 0.815628 376.374 -0.772467 -0.612668 0.16713 87.0663 0.587635 -0.589802 0.553912 38.8277 0 0 0 1 
Seq_Frame0159_Sequence_2TransformStatus = OK
Seq_Frame0159_Timestamp = 26.020
Seq_Frame0160_Sequence_2Transform =-0.244358 0.533837 0.809511 376.757 -0.774944 -0.609321 0.167896 86.7489 0.582881 -0.586299 0.562586 38.3852 0 0 0 1 
Seq_Frame0160_Sequence_2TransformStatus = OK
Seq_Frame0160_Timestamp = 26.220
Seq_Frame0161_Sequence_2Transform =-0.239252 0.520157 0.819875 374.773 -0.771628 -0.614401 0.164624 87.6571 0.589362 -0.593252 0.548365 38.942 0 0 0 1 
Seq_Frame0161_Sequence_2TransformStatus = OK
Seq_Frame0161_Timestamp = 26.420
Seq_Frame0162_Sequence_2Transform =-0.234279 0.506576 0.829755 371.286 -0.775586 -0.612004 0.154652 88.1982 0.586157 -0.607315 0.536273 39.1083 0 0 0 1 
Seq_Frame0162_Sequence_2TransformStatus = OK
Seq_Frame0162_Timestamp = 26.620
Seq_Frame0163_Sequence_2Transform =-0.229292 0.502968 0.833336 370.064 -0.780585 -0.606471 0.151264 88.1572 0.581474 -0.615806 0.531668 38.4223 0 0 0 1 
Seq_Frame0163_Sequence_2TransformStatus = OK
Seq_Frame0163_Timestamp = 26.720
Seq_Frame0164_Sequence_2Transform =-0.225417 0.499312 0.836585 368.915 -0.782111 -0.604763 0.150211 88.4815 0.580938 -0.620442 0.526842 37.5127 0 0 0 1 
Seq_Frame0164_Sequence_2TransformStatus = OK
Seq_Frame0164_Timestamp = 26.821
Seq_Frame0165_Sequence_2Transform =-0.226903 0.499086 0.836318 365.553 -0.778096 -0.609345 0.152529 89.2054 0.585731 -0.616127 0.526599 37.0853 0 0 0 1 
Seq_Frame0165_Sequence_2TransformStatus = OK
Seq_Frame0165_Timestamp = 27.020
Seq_Frame0166_Sequence_2Transform =-0.223143 0.508862 0.831425 361.895 -0.77849 -0.606346 0.16217 90.8338 0.586653 -0.611069 0.531445 36.633 0 0 0 1 
Seq_Frame0166_Sequence_2TransformStatus = OK
Seq_Frame0166_Timestamp = 27.220
Seq_Frame0167_Sequence_2Transform =-0.220024 0.513341 0.8295 358.786 -0.776286 -0.607085 0.169788 92.886 0.590736 -0.606572 0.532073 36.3918 0 0 0 1 
Seq_Frame0167_Sequence_2TransformStatus = OK
Seq_Frame0167_Timestamp = 27.420
Seq_Frame0168_Sequence_2Transform =-0.219365 0.513309 0.829695 357.194 -0.77422 -0.609065 0.172114 93.9486 0.593686 -0.60461 0.531021 35.728 0 0 0 1 
Seq_Frame0168_Sequence_2TransformStatus = OK
Seq_Frame0168_Timestamp = 27.521
Seq_Frame0169_Sequence_2Transform =-0.220204 0.514859 0.828511 356.475 -0.775066 -0.608059 0.171865 94.6537 0.59227 -0.604305 0.532947 35.0849 0 0 0 1 
Seq_Frame0169_Sequence_2TransformStatus = OK
Seq_Frame0169_Timestamp = 27.621
Seq_Frame0170_Sequence_2Transform =-0.222401 0.516643 0.826812 356.667 -0.776678 -0.606505 0.170066 96.4929 0.589329 -0.604344 0.536153 29.6071 0 0 0 1 
Seq_Frame0170_Sequence_2TransformStatus = OK
Seq_Frame0170_Timestamp = 27.820
Seq_Frame0171_Sequence_2Transform =-0.224218 0.519193 0.824721 357.753 -0.776481 -0.606565 0.170753 96.354 0.588901 -0.602094 0.539146 27.4678 0 0 0 1 
Seq_Frame0171_Sequence_2TransformStatus = OK
Seq_Frame0171_Timestamp = 27.920
